t	SUM_dt	dt	worn

22.02	-34	+2	
23.02	-32	+1	
24	-31	0
25	-31	0
26	-31	+1
27	-30	+3
28.02	-27	+1
01.03	-26	+3
02.03	-23


09.04	-1	0	
10.04	-1	-1
11	-2	-1
12	-3	+1
13	-2	0
14	-2	+1
15	-1	+1
16	0	0
17	0	+1
18	+1	+1
19	+2	-1
20	+1	+3
21	+4	+3
22	+7	+3
23	+10	+1
24	+11	+4
25	+15	+2
26	+17	+3
27	+20

2019
04.02	+1	-
05.02	+4	+3	+
06	+5	+1	+
07	+5	0	+
08	+7	+2	+
09	?+8	+1	+
10	?+9	+1	+
11	+9	0	+
12	+13	+4	+
13	+12	-1	+/-
14	+15	+3	+
15	+17	+2	+
16	?+18	+1	+/-
17	?+20	+2	+
18	+21	+1	+
19	+22	+1	+
20	+25	+3	+
21	+27	+2	+
22	?+28	+1	+
23	+29	+1	+/-
24	+29	0	+/- >>
25	+34	+5	-   >>
26	+35	+1	+
27	+39	+4	+
28	+42	+3	+
01.03	?+38	-4	+/-
02.03	?+34	-4	-   >>
03	?+30	-4	-   >>
04	+25	-5	+/-
05	+21	-4	+
06      ?0      ?0      - 
07      ?0      ?0      - 
08      ?0      ?0      - 
09      ?0      ?0      - 
10      ?0      ?0      - 
11      ?0      ?0      - 
12      ?0      ?0      - 
13      ?0      ?0      - 
14      0       ?0      +
15	-4	-4	+
16	-6	-2	+
17	?-13	-7	+
18 	-20	-7	+/-
19	-21	-1	+

